173540295
120859638
252563475
159270982
249008234
140743160
161922842
171808757
263055218
129717934
205262662
186214398
203810615
108269600
154097402
158141641
97595018
139624138
215897133
252624563
109815046
82910372
83940944
253662761
248546137
138624405
253164187
105614908
194084479
127665288
195482228
86401516
176509804
213672409
188687959
150547213
142554850
136717762
131504713
251875830
126008161
217778053
253281044
212554339
205287580
248351970
204444425
262846791
162973763
262232458
262504983
262234542
105663127
125828635
82498982
193720419
88260455
59423813
97769732
170154501
203584138
181995673
136154551
163543856
172159016
198396382
197600782
129637109
137011411
99491730
80856623
129716277
124575758
262258212
130622985
81223301
99670008
121333071
108912063
244296612
76738733
177275369
127665105
173078435
152919816
202664234
148698805
126527415
248362585
207220581
162258224
248982339
201517722
105515156
219406421
177564239
187996709
83940347
197899053
67253947
82503053
97020415
52078664
119617268
120167464
205897444
249055697
225209000
209171565
78963828
230048774
262506867
73453649
217735108
118687666
217646995
165938985
213491649
127666876
168094374
214588383
214656844
221239260
191666877
213491661
253279405
141841196
128516222
164435754
163567481
176127886
253280403
196026282
193620168
119896803
191645658
193512157
230210867
261957827
262732286
252084135
199682347
169793907
252015626
149589057
178052807
152464936
143863706
146493508
119024480
24653083
177626083
33608787
163876573
136540118
129285096
81647052
91855181
97851399
263295520
177185618
150633444
201623294
171117941
199536788
262268310
